  1 Portland             1 1 1   1080 004366 007026  0 
   4   2   6   0   0   0   0   0   0
   1   4   6   6   6   6   6   6   6
   1   4   6   4   4   0   0   0   0
   1   2   2   4   4   6   2   4   6
  2 Boston               1 1 2   3918 004225 007111 -1 
   5   3   4   7   1   0   0   0   0
   2   7   7   7   7   7   7   7   7
   2   7   7   7   7   0   0   0   0
   1   2   3   4   5   4   7   7   7
  3 Fall River           1 1 3    100 004170 007111  0 
   2   5   7   4   8   0   0   0   0
   3   8   8   8   8   8   8   8   8
   3   8   7   8   8   0   0   0   0
   2   2   3   4   5   4   7   8   7
  4 Manchester           1 1 4    100 004300 007150  0 
   5   2   1   3   6   0   0   0   0
   4   5   5   5   5   5   5   5   5
   4   5   6   5   5   0   0   0   0
   1   2   3   4   5   6   5   5   6
  5 Worchester           1 1 5    648 004226 007181  2 
   2   3   4   7   8   0   0   0   0
   5   8   8   8   8   8   8   8   8
   5   8   7   8   8   0   0   0   0
   4   2   3   4   5   4   7   8   7
  6 Montpelier           1 1 6    100 004433 007258  0 
   4   1   9   0   0   0   0   0   0
   6   9   9   9   9   9   9   9   9
   6   9   9   9   9   0   0   0   0
   1   4   4   4   4   6   9   9   9
  7 Hartford             1 1 7   1059 004175 007266  1 
   8   5   3   2   9   0   0   0   0
   7   8   9   9   9   9   9   9   9
   7   8   9   8   8   0   0   0   0
   2   2   3   5   5   9   7   8   9
  8 Newhaven             1 1 8    760 004133 007291  0 
   7  10   5   3   9   0   0   0   0
   8  10  10  10  10  10  10  10  10
   8  10   9  10  10   0   0   0   0
   5   7   3   5   5   9   7   8   9
  9 Albany               1 1 9    799 004266 007383  0 
  13   7   8   6   0   0   0   0   0
   9   8  13  13  13  13  13  13  13
   9   8  13   8  13   0   0   0   0
   6   7   7   6   7   6   7   8   9
 10 New York             1 2 1  17181 004066 007396  0 
  12   8  14  11   0   0   0   0   0
  10  14  14  14  14  14  14  14  14
   8  10  12  14  14   0   0   0   0
  10  11  12  14  12  14   0   0   0
 11 Atlantic City        1 2 2    100 003933 007450  0 
  14  12  10   0   0   0   0   0   0
  11  14  14  14  14  14  14  14  14
  10  11  14  14  14   0   0   0   0
  10  11  12  14  14  14   0   0   0
 12 Trenton              1 2 3    319 004021 007476  0 
  14  10  17  11   0   0   0   0   0
  12  14  17  17  17  17  17  17  17
  10  12  17  14  17   0   0   0   0
  10  11  12  14  17  17   0   0   0
 13 Utica                1 3 1    338 004308 007516  1 
  18   9  16  20  15   0   0   0   0
  13  15  18  18  18  18  18  18  18
   9  15  13  15  18   0   0   0   0
  13  15  16  18  20  18  18  18   0
 14 Philadelphia         1 2 4   5323 004000 007521  0 
  12  17  11  10  22  21   0   0   0
  14  21  22  22  22  22  22  22  22
  10  14  17  21  22   0   0   0   0
  10  11  12  14  17  22   0   0   0
 15 Scranton             1 3 2    100 004175 007575  0 
  16  20  18  13  17   0   0   0   0
  15  17  20  20  20  20  20  20  20
  13  17  15  17  17   0   0   0   0
  13  15  16  18  20  20  20  20   0
 16 Binghamton           1 3 3    100 004208 007591  0 
  15  20  18  13   0   0   0   0   0
  16  15  20  20  20  20  20  20  20
  13  15  16  15  20   0   0   0   0
  13  15  16  18  20  20  20  20   0
 17 Reading              1 2 5    305 004033 007591  2 
  14  22  12  21  15   0   0   0   0
  17  21  22  22  22  22  22  22  22
  12  17  15  21  22   0   0   0   0
  12  14  12  14  17  22   0   0   0
 18 Syracuse             1 3 4    646 004308 007616 -2 
  20  13  16  25  15   0   0   0   0
  18  15  25  25  25  25  25  25  25
  13  15  18  15  25   0   0   0   0
  13  15  16  18  20  25  25  25   0
 19 Norfolk              1 4 1    766 003691 007625  0 
  24  23  27   0   0   0   0   0   0
  19  27  27  27  27  27  27  27  27
  23  23  23  19  23   0   0   0   0
  19  23  23  24   0   0   0   0   0
 20 Ithaca               1 3 5    100 004241 007650  0 
  16  18  15  25  13   0   0   0   0
  20  15  25  25  25  25  25  25  25
  13  15  20  15  25   0   0   0   0
  13  15  16  18  20  25  25  25   0
 21 Baltimore            1 4 2   2140 003933 007663  0 
  23  22  17  14  24   0   0   0   0
  21  23  22  22  22  22  22  22  22
  14  22  17  21  22   0   0   0   0
  23  21  23  24   0   0   0   0   0
 22 Harrisburg           1 2 6    426 004025 007683  0 
  17  21  14  23  28   0   0   0   0
  22  23  28  28  28  28  28  28  28
  14  22  17  21  28   0   0   0   0
  14  14  17  14  17  22   0   0   0
 23 Washington           1 4 3   3015 003883 007700  0 
  21  24  22  19   0   0   0   0   0
  23  19  19  19  22  22  22  22  22
  21  22  21  23  22   0   0   0   0
  19  21  23  24   0   0   0   0   0
 24 Richmond             1 4 4    570 003758 007750  0 
  19  23  21   0   0   0   0   0   0
  24  19  19  19  23  19  23  19  23
  21  23  21  24  23   0   0   0   0
  19  21  23  24   0   0   0   0   0
 25 Rochester            1 3 6    966 004325 007758  0 
  29  18  20  30   0   0   0   0   0
  25  20  29  29  29  29  29  29  29
  18  20  25  20  29   0   0   0   0
  18  20  20  18  20  25  29  30   0
 26 Wilmington           2 1 1    513 003420 007793  0 
  27  31  39   0   0   0   0   0   0
  27  26  27  39  27  39  27  39  27
  26  39  39  39  39  39   0   0   0
  26  27  31  27   0   0   0   0   0
 27 Raleigh              2 1 2    462 003575 007865  0 
  31  26  32  19   0   0   0   0   0
  19  27  32  31  32  32  32  32  32
  27  26  31  26  26  31   0   0   0
  26  27  31  32   0   0   0   0   0
 28 Johnstown            1 5 1    266 004033 007883  0 
  33  22  37   0   0   0   0   0   0
  28  22  37  37  37  37  37  37  37
  22  22  22  22  28   0   0   0   0
  28  33  37  37  37  37   0   0   0
 29 Buffalo              1 3 7   1331 004290 007885  0 
  30  25  35   0   0   0   0   0   0
  29  35  35  35  35  35  35  35  35
  25  25  29  25  35   0   0   0   0
  25  25  25  25  25  25  29  30   0
 30 Toronto              1 3 8    100 004366 007938  0 
  29  25  35   0   0   0   0   0   0
  30  35  35  35  35  35  35  35  35
  25  25  30  25  35   0   0   0   0
  25  25  25  25  25  25  29  30   0
 31 Greensboro           2 1 3    760 003606 007975  0 
  27  38  32  26   0   0   0   0   0
  27  31  32  38  32  38  32  38  32
  31  38  38  38  38  38   0   0   0
  26  27  31  32   0   0   0   0   0
 32 Roanoke              2 1 4    212 003726 007991  0 
  31  43  27   0   0   0   0   0   0
  27  32  43  43  43  43  43  43  43
  32  31  31  31  31  31   0   0   0
  27  27  31  32   0   0   0   0   0
 33 Pittsburgh           1 5 2   2334 004043 008001  1 
  37  28  42   0   0   0   0   0   0
  33  28  37  37  37  37  37  37  37
  28  28  37  28  33   0   0   0   0
  28  33  37  37  42  37   0   0   0
 34 West Palm Beach      2 2 1    444 002673 008006  0 
  36  41  49   0   0   0   0   0   0
  41  34  41  41  41  41  41  41  41
  41  34  41  41  41  41   0   0   0
  34  36  41  41  41  49  41   0   0
 35 Erie                 1 5 3    274 004208 008008  0 
  37  29  45  30   0   0   0   0   0
  35  45  45  45  45  45  45  45  45
  29  37  29  37  35   0   0   0   0
  37  37  35  37  37  45   0   0   0
 36 Miami                2 2 2   2223 002575 008018  0 
  34  49  41   0   0   0   0   0   0
  41  36  41  41  41  41  41  41  41
  41  36  41  41  41  41   0   0   0
  34  36  41  41  41  49  41   0   0
 37 Youngstown           1 5 4    543 004108 008066  0 
  42  33  45  35  28   0   0   0   0
  37  28  45  45  45  45  45  45  45
  28  28  35  28  37   0   0   0   0
  28  33  35  37  42  45   0   0   0
 38 Charlotte            2 3 1    589 003525 008083  0 
  31  39  48  50   0   0   0   0   0
  31  38  31  50  50  50  50  50  50
  31  39  38  39  39  50   0   0   0
  38  39  39  39  48  50  50   0   0
 39 Columbia             2 3 2    361 003400 008100  0 
  46  38  48  40  26   0   0   0   0
  26  39  38  46  48  46  48  46  48
  26  40  39  46  46  48   0   0   0
  38  39  40  46  48  48  48   0   0
 40 Savannah             2 3 3    100 003206 008111  0 
  46  44  39   0   0   0   0   0   0
  39  40  39  46  46  46  46  46  46
  39  44  40  46  46  46   0   0   0
  39  39  40  46  46  46  46   0   0
 41 Orlando              2 2 3    579 002853 008136  0 
  49  47  44  34  36   0   0   0   0
  44  41  44  47  47  47  47  47  47
  44  41  44  47  47  47   0   0   0
  34  36  41  44  47  49  47   0   0
 42 Akron                1 5 5    671 004108 008150  2 
  45  37  33   0   0   0   0   0   0
  42  45  45  45  45  45  45  45  45
  37  37  37  37  42   0   0   0   0
  37  33  37  37  42  45   0   0   0
 43 Charleston           3 3 1    254 003833 008158  0 
  32  51  64   0   0   0   0   0   0
  32  32  43  51  51  51  51  51  51
  51  51  43  64   0   0   0   0   0
  43  51  51  64  64   0   0   0   0
 44 Jacksonville         2 2 4    675 003033 008166  0 
  47  40  41  60   0   0   0   0   0
  40  44  40  60  60  60  60  60  60
  40  44  40  60  60  60   0   0   0
  41  41  41  44  47  47  60   0   0
 45 Cleveland            1 5 6   2921 004150 008170  0 
  42  37  35  52  53   0   0   0   0
  45  53  52  53  53  53  53  53  53
  35  37  35  37  45   0   0   0   0
  37  37  35  37  42  45   0   0   0
 46 Augusta              2 3 4    274 003343 008200  0 
  39  48  54  40   0   0   0   0   0
  39  46  39  54  48  54  54  54  54
  39  40  46  54  54  54   0   0   0
  39  39  40  46  48  48  48   0   0
 47 Gainesville          2 2 5    100 002963 008231  0 
  44  41  49  60   0   0   0   0   0
  44  47  44  60  60  60  60  60  60
  44  47  44  60  60  60   0   0   0
  41  41  41  44  47  49  60   0   0
 48 Greenville           2 3 5    522 003483 008241  0 
  50  38  39  46  57   0   0   0   0
  38  48  38  57  57  57  57  57  57
  38  46  48  46  57  57   0   0   0
  38  39  46  46  48  50  57   0   0
 49 Tampa                2 2 6   1333 002795 008241  0 
  41  47  34  36   0   0   0   0   0
  47  49  47  47  47  47  47  47  47
  47  49  47  47  47  47   0   0   0
  34  36  41  47  47  49  47   0   0
 50 Asheville            2 3 6    100 003558 008258  0 
  48  57  38   0   0   0   0   0   0
  38  50  38  57  57  57  57  57  57
  38  48  50  48  57  57   0   0   0
  38  48  48  48  48  50  57   0   0
 51 Columbus             3 3 2   1067 004000 008300  0 
  59  58  63  43   0   0   0   0   0
  58  43  51  59  58  59  58  59  58
  58  58  51  59   0   0   0   0   0
  43  51  59  63  63   0   0   0   0
 52 Detroit              3 1 1   4684 004236 008316  0 
  53  55  62  65  56  45   0   0   0
  45  53  52  53  65  65  65  65  65
  52  53  53  53   0   0   0   0   0
  52  55  56  62  65  62  62  65   0
 53 Toledo               3 2 1    781 004166 008358  0 
  52  62  58  65  55  67  45   0   0
  45  58  53  67  67  67  67  67  67
  52  53  58  67   0   0   0   0   0
  53  58  67  67   0   0   0   0   0
 54 Macon                2 4 1    100 003281 008365  0 
  61  66  46   0   0   0   0   0   0
  46  54  61  66  61  66  66  66  66
  46  66  46  54  66  61   0   0   0
  54  61  66   0   0   0   0   0   0
 55 Flint                3 1 2    522 004300 008375  0 
  56  65  52  62  68  53   0   0   0
  52  53  55  62  68  68  68  68  68
  55  53  53  62   0   0   0   0   0
  52  55  56  62  65  68  65  65   0
 56 Bay City             3 1 3    100 004358 008391  0 
  55  65  52  62   0   0   0   0   0
  52  55  56  62  65  65  65  65  65
  56  55  62  62   0   0   0   0   0
  52  55  56  62  65  65  65  65   0
 57 Knoxville            2 3 7    428 003596 008391  0 
  50  69  48   0   0   0   0   0   0
  50  57  69  69  69  69  69  69  69
  50  48  57  69  69  69   0   0   0
  50  48  48  48  48  50  57   0   0
 58 Lima                 3 2 2    211 004066 008408  0 
  67  59  51  53  70   0   0   0   0
  53  51  58  70  67  70  67  70  67
  53  58  59  70   0   0   0   0   0
  53  58  67  67   0   0   0   0   0
 59 Dayton               3 3 3    845 003975 008425  0 
  63  58  51  70  67  75  64   0   0
  58  51  59  75  67  75  75  75  75
  67  58  59  70   0   0   0   0   0
  51  51  59  63  64   0   0   0   0
 60 Tallahassee          2 2 7    100 003041 008428  0 
  47  66  44   0   0   0   0   0   0
  44  60  66  66  66  66  66  66  66
  44  60  44  66  66  66   0   0   0
  47  47  47  44  47  47  60   0   0
 61 Atlanta              2 4 2   1776 003375 008438  0 
  54  66  74   0   0   0   0   0   0
  54  61  74  74  74  74  74  74  74
  54  66  54  61  74  74   0   0   0
  54  61  66   0   0   0   0   0   0
 62 Jackson              3 1 4    100 004225 008441 -2 
  65  68  53  55  71  52  72  67  56
  53  53  62  67  72  72  72  72  72
  62  53  67  67   0   0   0   0   0
  52  55  56  62  65  68  71  72   0
 63 Cincinnati           3 3 4   1618 003913 008450  0 
  59  64  70  73  75  51   0   0   0
  59  73  63  75  75  75  75  75  75
  59  59  63  70   0   0   0   0   0
  64  51  59  63  64   0   0   0   0
 64 Lexington            3 3 5    286 003808 008450 -1 
  73  63  59  43   0   0   0   0   0
  59  43  64  63  63  63  63  63  63
  59  59  64  73   0   0   0   0   0
  43  63  59  63  64   0   0   0   0
 65 Lansing              3 1 5    441 004275 008458  0 
  62  68  55  72  71  56  52  53   0
  52  53  65  72  72  72  72  72  72
  65  53  62  62   0   0   0   0   0
  52  55  56  62  65  68  71  72   0
 66 Columbus Ga          2 4 3    218 003248 008493  0 
  54  76  61  60   0   0   0   0   0
  54  66  61  76  61  76  76  76  76
  54  60  54  66  76  61   0   0   0
  54  61  66   0   0   0   0   0   0
 67 Fort Wayne           3 2 3    373 004100 008516  0 
  70  58  77  68  53  62  71  59   0
  53  58  67  70  77  77  77  77  77
  68  67  59  70   0   0   0   0   0
  53  58  67  77   0   0   0   0   0
 68 Battlecreek          3 1 6    100 004233 008525  0 
  71  62  65  72  77  55  67   0   0
  62  67  68  67  77  77  77  77  77
  68  77  67  67   0   0   0   0   0
  62  55  65  62  65  68  71  72   0
 69 Chattanooga          2 6 1    390 003501 008525  0 
  74  78  57  79   0   0   0   0   0
  57  69  79  74  79  74  79  74  79
  57  74  57  74  74  69   0   0   0
  69  74  78  79   0   0   0   0   0
 70 Muncie               3 4 1    100 004016 008550  0 
  75  67  59  58  63   0   0   0   0
  67  75  70  75  67  75  75  75  75
  67  67  59  70   0   0   0   0   0
  70  75  75  75  75   0   0   0   0
 71 Kalamazoo            3 1 7    262 004233 008566  3 
  68  72  77  65  62  67   0   0   0
  62  67  71  67  77  77  77  77  77
  71  77  67  67   0   0   0   0   0
  62  65  65  62  65  68  71  72   0
 72 Grand Rapids         3 1 8    559 004300 008575  2 
  71  68  65  62  77  88   0   0   0
  65  71  72  88  88  88  88  88  88
  72  77  71  71   0   0   0   0   0
  65  65  65  62  65  68  71  72   0
 73 Louisville           3 4 2    893 003825 008575  0 
  64  63  83   0   0   0   0   0   0
  63  83  73  83  83  83  83  83  83
  63  63  64  73   0   0   0   0   0
  83  73  83  83  83   0   0   0   0
 74 Gadsden              2 6 2    100 003400 008600  0 
  80  69  61  84  78   0   0   0   0
  69  74  78  84  78  84  84  84  84
  69  61  69  61  80  74   0   0   0
  69  74  78  78   0   0   0   0   0
 75 Indianapolis         3 4 3   1144 003975 008613 -2 
  70  82  63  59   0   0   0   0   0
  70  82  75  82  82  82  82  82  82
  70  70  63  75   0   0   0   0   0
  70  82  75  82  82   0   0   0   0
 76 Montgomery           2 5 1    248 003238 008628 -1 
  66  80  84  81  87   0   0   0   0
  66  76  80  84  84  84  84  84  84
  66  66  66  66  76  80   0   0   0
  76  80  81  84  87  84  87  84  87
 77 South Bend           3 2 4    280 004166 008633  0 
  71  85  68  67  72   0   0   0   0
  67  67  77  85  85  85  85  85  85
  71  77  67  67   0   0   0   0   0
  67  67  67  77   0   0   0   0   0
 78 Huntington           2 6 3    290 003571 008660  0 
  79  69  74   0   0   0   0   0   0
  69  78  79  74  79  74  79  74  79
  69  74  69  74  74  78   0   0   0
  69  74  78  79   0   0   0   0   0
 79 Nashville            2 6 4    745 003616 008680  0 
  78  69  83   0   0   0   0   0   0
  83  79  83  78  83  83  83  83  83
  69  78  69  78  78  79   0   0   0
  69  78  78  79   0   0   0   0   0
 80 Birmingham           2 5 2    785 003351 008681  0 
  84  74  76   0   0   0   0   0   0
  74  80  74  84  74  84  84  84  84
  74  76  74  74  80  74   0   0   0
  76  80  76  84  76  84  84  84  84
 81 Pensacola            2 5 3    264 003041 008721  0 
  87  76  95   0   0   0   0   0   0
  76  81  76  95  76  95  76  95  76
  76  76  76  76  81  76   0   0   0
  76  76  81  76  87  76  95  95  95
 82 Terre Haute          3 4 4    100 003941 008741  0 
  75  89  83   0   0   0   0   0   0
  75  83  82  89  89  89  89  89  89
  75  75  75  82   0   0   0   0   0
  75  83  75  82  83   0   0   0   0
 83 Evansville           3 4 5    289 003800 008750  0 
  73  82  79   0   0   0   0   0   0
  82  79  83  82  82  82  82  82  82
  82  82  73  83   0   0   0   0   0
  82  73  82  82  83   0   0   0   0
 84 Tuscaloosa           2 5 4    100 003316 008758  0 
  80  76  74  96  94   0   0   0   0
  74  84  74  94  94  94  94  94  94
  74  76  74  76  84  74   0   0   0
  76  80  76  84  76  94  96  96  96
 85 Chicago              5 1 1   7615 004181 008761  0 
  77  90  86   0   0   0   0   0   0
  77  77  77  90  85  90  90  90  90
  85  90  90  90   0   0   0   0   0
  85  86  86  90  90   0   0   0   0
 86 Milwaukee            5 1 2   1589 004305 008791  0 
  91  90  85  88   0   0   0   0   0
  85  85  85  90  86  91  91  91  91
  86  90  91  91   0   0   0   0   0
  85  86  88  90  91   0   0   0   0
 87 Mobile               2 5 5    396 003070 008805  0 
  81  95  76   0   0   0   0   0   0
  76  87  76  95  76  95  76  95  76
  76  76  76  76  87  76   0   0   0
  76  76  81  76  87  76  95  95  95
 88 Green Bay            5 1 3    100 004450 008806  0 
  86  91  72   0   0   0   0   0   0
  72  72  72  91  88  91  91  91  91
  88  91  91  91   0   0   0   0   0
  86  86  88  91  91   0   0   0   0
 89 Decatur              5 2 1    100 003983 008898  1 
  93  92  82  97   0   0   0   0   0
  82  82  82  97  89  97  92  97  92
  92  89  92  92   0   0   0   0   0
  89  92  93  97   0   0   0   0   0
 90 Rockford             5 1 4    270 004227 008912  0 
  91  86  99  85  98   0   0   0   0
  85  98  85  98  90  99  99  99  99
  90  98  91  99   0   0   0   0   0
  85  86  91  90  91   0   0   0   0
 91 Madison              5 1 5    303 004308 008938  0 
  90  86  99 101  88   0   0   0   0
  88  99  88  99  91  99  99  99  99
  91  99 101  99   0   0   0   0   0
  90  86  88  90  91   0   0   0   0
 92 Peoria               5 2 2    352 004075 008958  0 
  93  89  98  97   0   0   0   0   0
  89  89  89  97  92  97  98  97  98
  98  92  98  98   0   0   0   0   0
  89  92  93  97   0   0   0   0   0
 93 Springfield          5 2 3    100 003976 008961 -1 
  89  92  97   0   0   0   0   0   0
  89  89  89  97  93  97  92  97  92
  92  93  92  92   0   0   0   0   0
  89  92  93  97   0   0   0   0   0
 94 Memphis              2 5 6    853 003511 009005  0 
 103  84  96   0   0   0   0   0   0
  84  94  84 103 103 103 103 103 103
  84  84  84  84  94  84   0   0   0
  84  84  84  84  84  94  96  96  96
 95 New Orleans          2 5 7   1090 003000 009008  0 
 100  87  96  81   0   0   0   0   0
  87  95  96 100  96 100 100 100 100
  87  87  87  87  95  96   0   0   0
  87  96  81  96  87  96  95  96 100
 96 Jackson Ms           2 5 8    279 003228 009016  0 
 100  95  84  94   0   0   0   0   0
  84  96  84 100  94 100  94 100  94
  84  84  84  84  96  84   0   0   0
  84  84  95  84  95  94  95  96 100
 97 St Louis             5 2 4   2371 003865 009025  0 
  93  89  92 107   0   0   0   0   0
  89  89  89 107  97 107 107 107 107
  92  97  92  92   0   0   0   0   0
  89  92  93  97   0   0   0   0   0
 98 Rock Island          5 4 1    100 004151 009061  0 
  99  92  90 108   0   0   0   0   0
  90  92  92  92  98 108 108 108 108
  90  92 108  98   0   0   0   0   0
  98  99  99  99 108 108   0   0   0
 99 Dubuque              5 4 2    100 004250 009071  0 
  98  91  90 104 101 108   0   0   0
  90  98  90 108  99 108 108 108 108
  91  98 101  99   0   0   0   0   0
  98  99 101 104 108 108   0   0   0
100 Baton Rouge          2 5 9    407 003046 009116  0 
  95 106  96   0   0   0   0   0   0
  96 100  96 106 106 106 106 106 106
  96  95  96  95 100  96   0   0   0
  95  96  95  96  95  96  95  96 100
101 La Crosse            5 4 3    100 004380 009123  0 
  99  91 104 105 102   0   0   0   0
  91  99  91 104 101 104 104 104 104
  91  99 105 101   0   0   0   0   0
  99  99 101 104 104 104   0   0   0
102 Duluth               5 3 1    262 004683 009211  0 
 105 101 117   0   0   0   0   0   0
 101 101 101 105 102 105 105 105 105
 101 101 102 101   0   0   0   0   0
 102 105 105 117   0   0   0   0   0
103 Little Rock          4 1 1    356 003470 009226  0 
  94 110 109   0   0   0   0   0   0
 110  94 110 103 110 109 110 109 110
 103 109 110 109   0   0   0   0   0
 103 110 110 110 110   0   0   0   0
104 Waterloo             5 4 4    100 004250 009236 -1 
  99 108 101 105   0   0   0   0   0
  99  99  99 108 104 108 108 108 108
  99  99 105 104   0   0   0   0   0
  99  99 101 104 108 108   0   0   0
105 Minneapolis          5 3 2   2011 004485 009300  0 
 101 102 104 115 117   0   0   0   0
 101 115 101 115 105 115 115 115 115
 101 101 105 101   0   0   0   0   0
 102 105 115 117   0   0   0   0   0
106 Lake Charles         4 2 1    100 003025 009323  0 
 100 112 109   0   0   0   0   0   0
 100 100 100 106 109 109 109 109 109
 109 106 109 109   0   0   0   0   0
 106 109 112 109 112 112   0   0   0
107 Springfield Mo       4 1 2    100 003721 009328  0 
 110 111 113  97   0   0   0   0   0
  97 110  97 107  97 113 111 113 111
 107 110 113 113   0   0   0   0   0
 110 107 110 111 113   0   0   0   0
108 Des Moines           5 4 5    100 004158 009361  0 
 104  98  99 114 115   0   0   0   0
  99  98  98 114 108 114 114 114 114
  99  98 115 108   0   0   0   0   0
  98  99 104 104 108 114   0   0   0
109 Shreveport           4 2 2    343 003250 009376  0 
 106 103 116 112   0   0   0   0   0
 103 106 103 109 103 116 116 116 116
 103 109 116 116   0   0   0   0   0
 106 109 112 116 112 112   0   0   0
110 Fort Smith           4 1 3    100 003538 009440  0 
 113 103 107   0   0   0   0   0   0
 107 103 107 110 107 113 113 113 113
 110 103 113 113   0   0   0   0   0
 103 107 110 107 113   0   0   0   0
111 Kansas City          4 1 4   1302 003908 009458  0 
 107 114 118   0   0   0   0   0   0
 107 107 107 111 114 118 114 118 114
 111 118 118 118   0   0   0   0   0
 107 107 107 111 107   0   0   0   0
112 Houston              4 2 3   2402 002977 009535  0 
 106 120 109 122   0   0   0   0   0
 106 106 109 112 109 120 109 120 109
 109 112 109 120   0   0   0   0   0
 106 109 112 109 120 122   0   0   0
113 Tulsa                4 1 5    576 003613 009596  0 
 119 110 118 107   0   0   0   0   0
 107 110 107 113 107 119 118 119 118
 113 119 119 119   0   0   0   0   0
 110 107 110 107 113   0   0   0   0
114 Lincoln              5 4 6    100 004081 009671  0 
 111 108 115 126   0   0   0   0   0
 108 111 108 111 114 126 126 126 126
 108 108 115 114   0   0   0   0   0
 108 108 108 108 108 114   0   0   0
115 Sioux Falls          5 3 3    100 004355 009671  0 
 114 105 108 117   0   0   0   0   0
 108 114 108 114 115 114 114 114 114
 105 108 115 114   0   0   0   0   0
 105 105 115 117   0   0   0   0   0
116 Dallas               4 2 4   2499 003276 009680  0 
 121 123 109   0   0   0   0   0   0
 121 109 121 116 121 121 121 121 121
 109 116 121 121   0   0   0   0   0
 109 109 109 116 109 109   0   0   0
117 Fargo                5 3 4    100 004688 009680  0 
 102 115 105   0   0   0   0   0   0
 105 115 105 115 117 115 115 115 115
 105 115 117 105   0   0   0   0   0
 102 105 115 117   0   0   0   0   0
118 Wichita              4 3 1    100 003770 009735  0 
 113 124 119 111   0   0   0   0   0
 113 113 113 118 111 124 124 124 124
 113 119 118 119   0   0   0   0   0
 118 119 124   0   0   0   0   0   0
119 Oklahoma City        4 3 2    766 003545 009753  0 
 113 121 118 124   0   0   0   0   0
 113 113 113 119 113 121 124 121 124
 113 121 119 121   0   0   0   0   0
 118 119 124   0   0   0   0   0   0
120 San Antonio          4 2 5    980 002942 009850  0 
 122 125 112   0   0   0   0   0   0
 112 112 112 120 112 125 125 125 125
 112 120 125 125   0   0   0   0   0
 112 112 112 112 120 122   0   0   0
121 Whichita Falls       4 4 1    100 003390 009848  0 
 119 116 123 127   0   0   0   0   0
 119 116 119 121 119 127 119 127 119
 119 116 119 121   0   0   0   0   0
 121 123 123 127 123   0   0   0   0
122 Laredo               4 2 6    100 002751 009948  0 
 120 125 112   0   0   0   0   0   0
 112 112 112 122 112 125 125 125 125
 112 122 125 125   0   0   0   0   0
 112 112 112 112 120 122   0   0   0
123 Abilene              4 4 2    100 003241 009975  0 
 125 121 128 116   0   0   0   0   0
 121 116 121 123 121 128 121 128 121
 121 116 121 123   0   0   0   0   0
 121 123 125 128 128   0   0   0   0
124 Dodge City           4 3 3    100 003773 010001  0 
 118 127 119 126   0   0   0   0   0
 126 118 118 124 126 127 126 127 126
 118 119 124 127   0   0   0   0   0
 118 119 124   0   0   0   0   0   0
125 San Angelo           4 4 3    100 003146 010036  0 
 123 128 120 122   0   0   0   0   0
 123 120 123 125 128 128 128 128 128
 123 120 123 125   0   0   0   0   0
 123 123 125 128 128   0   0   0   0
126 North Platte         7 2 1    100 004113 010075  0 
 132 114 124 129   0   0   0   0   0
 114 124 114 124 114 132 126 132 132
 132 126 132   0   0   0   0   0   0
 126   0   0   0   0   0   0   0   0
127 Amarillo             4 4 4    100 003523 010181  0 
 128 124 121 134   0   0   0   0   0
 124 121 121 127 124 134 124 134 124
 121 121 124 127   0   0   0   0   0
 121 128 128 127 128   0   0   0   0
128 Lubbock              4 4 5    100 003358 010183  0 
 127 123 125   0   0   0   0   0   0
 127 123 123 128 127 127 127 127 127
 123 123 127 128   0   0   0   0   0
 123 123 125 127 128   0   0   0   0
129 Rapid City           7 1 1    100 004410 010323  0 
 135 132 126   0   0   0   0   0   0
 126 126 126 126 126 132 129 132 135
 129 126 132   0   0   0   0   0   0
 129 132 135   0   0   0   0   0   0
130 Pueblo               7 3 1    100 003825 010460  0 
 131 133 132 134   0   0   0   0   0
 132 134 132 134 132 134 130 134 132
 132 132 130   0   0   0   0   0   0
 130 131 133   0   0   0   0   0   0
131 Colorado Springs     7 3 2    293 003881 010480  0 
 130 133 132   0   0   0   0   0   0
 132 132 132 130 132 130 131 130 132
 132 132 131   0   0   0   0   0   0
 130 131 133   0   0   0   0   0   0
132 Cheyenne             7 1 2    100 004116 010481  0 
 133 135 131 130 126 129   0   0   0
 126 126 126 126 126 130 132 130 135
 132 126 133   0   0   0   0   0   0
 129 132 135   0   0   0   0   0   0
133 Denver               7 3 3   1391 003973 010498  0 
 131 132 130   0   0   0   0   0   0
 132 132 132 132 132 130 133 130 132
 132 132 133   0   0   0   0   0   0
 130 131 133   0   0   0   0   0   0
134 Santa Fe             6 1 1    100 003516 010600  1 
 137 138 130 136 127   0   0   0   0
 130 127 127 127 130 134 130 138 130
 134 136 138   0   0   0   0   0   0
 134 137   0   0   0   0   0   0   0
135 Casper               7 1 3    100 004285 010630  0 
 132 139 129   0   0   0   0   0   0
 132 132 132 132 132 132 135 139 139
 135 132 132   0   0   0   0   0   0
 129 132 135   0   0   0   0   0   0
136 El Paso              6 2 1    410 003178 010645  0 
 137 134 140   0   0   0   0   0   0
 134 134 134 134 134 136 134 140 134
 137 136 140   0   0   0   0   0   0
 136   0   0   0   0   0   0   0   0
137 Albuquerque          6 1 2    379 003508 010666 -1 
 134 138 136   0   0   0   0   0   0
 134 134 134 134 134 137 134 138 134
 137 136 138   0   0   0   0   0   0
 134 137   0   0   0   0   0   0   0
138 Gallup               6 3 1    100 003550 010875  0 
 137 134 141 143 140   0   0   0   0
 134 134 134 134 134 138 134 141 134
 137 137 138   0   0   0   0   0   0
 138 140 141 143   0   0   0   0   0
139 Rock Springs         9 2 1    100 004158 010922  0 
 142 135 145   0   0   0   0   0   0
 135 135 135 135 135 135 135 145 139
 145 139 145 145   0   0   0   0   0
 139 142   0   0   0   0   0   0   0
140 Tucson               6 3 2    434 003225 011100  0 
 143 141 138 136   0   0   0   0   0
 138 138 138 138 138 140 138 141 138
 138 136 140   0   0   0   0   0   0
 138 140 141 143   0   0   0   0   0
141 Flagstaff            6 3 3    100 003525 011166  0 
 143 138 146 140   0   0   0   0   0
 138 138 138 138 138 141 138 146 138
 138 140 141   0   0   0   0   0   0
 138 140 141 143   0   0   0   0   0
142 Salt Lake City       9 2 2    766 004075 011186  0 
 139 145 147   0   0   0   0   0   0
 139 139 139 139 139 139 139 147 142
 145 142 147 147   0   0   0   0   0
 139 142   0   0   0   0   0   0   0
143 Phoenix              6 3 4   1172 003350 011200  0 
 140 141 138   0   0   0   0   0   0
 138 138 138 138 138 143 138 141 138
 138 140 143   0   0   0   0   0   0
 138 140 141 143   0   0   0   0   0
144 Helena               9 1 1    100 004658 011201  0 
 145 151 147   0   0   0   0   0   0
 145 145 145 145 145 145 145 147 144
 144 145 151 147   0   0   0   0   0
 144 145 147   0   0   0   0   0   0
145 Idaho Falls          9 1 2    100 004350 011201  0 
 142 139 147 144   0   0   0   0   0
 139 139 139 139 139 139 139 147 145
 145 142 147 147   0   0   0   0   0
 144 145 147   0   0   0   0   0   0
146 Las Vegas            8 1 1    320 003620 011516  0 
 149 155 150 141   0   0   0   0   0
 141 141 141 141 141 141 141 146 155
 146 149 155 155 155   0   0   0   0
 146   0   0   0   0   0   0   0   0
147 Boise                9 1 3    100 004363 011620  0 
 154 145 162 144 142   0   0   0   0
 145 145 145 145 145 145 145 162 147
 147 142 154 162   0   0   0   0   0
 144 145 147   0   0   0   0   0   0
148 San Diego            8 2 1   1518 003288 011695  0 
 150 152 153   0   0   0   0   0   0
 150 150 150 150 150 150 150 148 153
 150 148 153 153 153   0   0   0   0
 148 150 150 152 153 153   0   0   0
149 Barstow              8 2 2    100 003486 011706  0 
 150 152 153 146   0   0   0   0   0
 146 146 146 146 146 146 146 149 153
 146 149 146 153 153   0   0   0   0
 150 149 150 152 153 153   0   0   0
150 Riverside            8 2 3   1214 003398 011735  0 
 152 153 149 148 146   0   0   0   0
 146 146 146 146 146 146 146 150 153
 146 150 146 153 153   0   0   0   0
 148 149 150 152 153 153   0   0   0
151 Spokane              9 3 1    304 004765 011741  0 
 154 168 170 144   0   0   0   0   0
 144 144 144 144 144 144 144 154 151
 144 154 151 154   0   0   0   0   0
 151 154 168 170   0   0   0   0   0
152 Santa Ana            8 2 4    100 003375 011786  0 
 153 150 148 149   0   0   0   0   0
 149 149 149 149 149 149 149 152 153
 149 152 153 153 153   0   0   0   0
 148 149 150 152 153 153   0   0   0
153 Los Angeles          8 2 5  10231 003400 011825  2 
 152 150 157 149 148   0   0   0   0
 149 149 149 149 149 149 149 153 157
 149 153 157 157 157   0   0   0   0
 148 149 150 152 153 157   0   0   0
154 Walla Walla          9 3 2    100 004605 011833  0 
 151 147 162 170 168   0   0   0   0
 147 147 147 147 147 147 147 162 154
 147 147 154 162   0   0   0   0   0
 151 154 168 170   0   0   0   0   0
155 Sequoia              8 3 1    100 003656 011861  0 
 158 156 160 146   0   0   0   0   0
 146 146 146 146 146 146 146 155 160
 146 156 155 158 158   0   0   0   0
 155 156 158 160   0   0   0   0   0
156 Bakersfield          8 3 2    337 003538 011900  1 
 157 155 160 158   0   0   0   0   0
 155 155 155 155 155 155 155 156 160
 155 157 156 160 160   0   0   0   0
 155 156 158 160   0   0   0   0   0
157 Santa Barbara        8 2 6    282 003443 011973  0 
 156 160 153   0   0   0   0   0   0
 153 153 153 153 153 153 153 157 160
 153 157 156 160 160   0   0   0   0
 153 153 153 153 153 157   0   0   0
158 Fresno               8 3 3    439 003671 011978  0 
 155 156 160 165   0   0   0   0   0
 155 155 155 155 155 155 155 158 165
 155 156 158 165 165   0   0   0   0
 155 156 158 160   0   0   0   0   0
159 Reno                 8 4 1    100 003953 011981  0 
 163 164 161 167   0   0   0   0   0
 167 161 167 161 167 161 167 159 167
 161 161 161 159 163   0   0   0   0
 159 164 167 164   0   0   0   0   0
160 San Luis Obispo      8 3 4    100 003530 012066 -1 
 157 156 158 165 155 166   0   0   0
 155 155 155 155 155 155 155 160 166
 155 157 160 165 165   0   0   0   0
 155 156 158 160   0   0   0   0   0
161 Stockton             8 5 1    299 003793 012126  0 
 163 166 169 165 159   0   0   0   0
 159 165 165 165 159 165 159 161 159
 165 165 165 159 161   0   0   0   0
 161 163 165 166 169   0   0   0   0
162 Bend                 9 4 1    100 004406 012128  0 
 171 172 167 154 147   0   0   0   0
 147 147 147 147 147 147 147 167 162
 147 147 154 162   0   0   0   0   0
 162 171 172   0   0   0   0   0   0
163 Sacramento           8 5 2    883 003858 012150  0 
 161 169 166 159 164 173   0   0   0
 164 166 166 166 164 166 164 163 164
 166 166 166 159 163   0   0   0   0
 161 163 166 166 169   0   0   0   0
164 Lassen Peak          8 4 2    100 004050 012153  0 
 167 159 163 173   0   0   0   0   0
 167 163 167 163 167 163 167 164 167
 163 163 163 164 163   0   0   0   0
 159 164 167 173   0   0   0   0   0
165 Monterey             8 5 3    100 003660 012188  0 
 166 169 161 160 158   0   0   0   0
 158 158 158 158 158 158 158 165 161
 158 160 160 161 165   0   0   0   0
 161 166 165 166 169   0   0   0   0
166 San Jose             8 5 4   1182 003733 012190  0 
 169 165 161 163 160   0   0   0   0
 160 160 160 160 160 160 160 166 163
 160 160 160 161 166   0   0   0   0
 161 163 165 166 169   0   0   0   0
167 Mt Shasta            8 4 3    100 004130 012228  0 
 164 173 159 171 162   0   0   0   0
 162 162 162 162 162 164 162 167 171
 164 164 164 167 164   0   0   0   0
 159 164 167 173   0   0   0   0   0
168 Seattle              9 3 3   1396 004760 012233  0 
 170 172 154 151   0   0   0   0   0
 154 154 154 154 154 154 154 172 168
 154 154 168 172   0   0   0   0   0
 151 154 168 170   0   0   0   0   0
169 San Fransisco        8 5 5   3403 003775 012243 -1 
 166 161 163 165   0   0   0   0   0
 165 165 165 165 165 165 165 169 163
 165 165 165 163 169   0   0   0   0
 161 163 165 166 169   0   0   0   0
170 Tacoma               9 3 4    398 004723 012245  0 
 168 172 154 151   0   0   0   0   0
 154 154 154 154 154 154 154 172 170
 154 154 170 172   0   0   0   0   0
 151 154 168 170   0   0   0   0   0
171 Eugene               9 4 2    237 004403 012310  0 
 162 172 167   0   0   0   0   0   0
 162 162 162 162 162 167 162 167 171
 162 162 172 171   0   0   0   0   0
 162 171 172   0   0   0   0   0   0
172 Portland Or          9 4 3   1080 004551 012368  0 
 171 170 162 168   0   0   0   0   0
 162 162 162 162 162 162 162 171 172
 162 162 170 172   0   0   0   0   0
 162 171 172   0   0   0   0   0   0
173 Eureka               8 4 4    100 004075 012416  0 
 167 164 163   0   0   0   0   0   0
 167 163 167 163 167 163 167 173 167
 163 163 163 173 163   0   0   0   0
 164 164 167 173   0   0   0   0   0
